[1] “PCA with d= 2 , linear regression”
    average_pnl yearly_pnl total_pnl   sharpe
AUD     0.00025    0.06188   0.18980  0.48797
BRL     0.00099    0.24874   0.76299  1.46575
CAD     0.00018    0.04552   0.13964  0.43805
CNY     0.00004    0.01009   0.03095  0.19495
EUR     0.00004    0.01090   0.03345  0.15210
INR     0.00020    0.05091   0.15618  0.45572
JPY     0.00023    0.05694   0.17467  0.49934
KRW     0.00188    0.47429   1.45486  4.58344
MXN     0.00012    0.03105   0.09523  0.26223
NZD     0.00071    0.17779   0.54538  1.25983
NOK    -0.00006   -0.01399  -0.04292 -0.11990
RUB     0.00046    0.11527   0.35360  0.46136
SGD     0.00006    0.01509   0.04628  0.23273
ZAR     0.00011    0.02822   0.08656  0.17773
SEK     0.00057    0.14382   0.44116  1.27707
CHF    -0.00014   -0.03416  -0.10479 -0.24191
GBP    -0.00015   -0.03724  -0.11423 -0.55898
USD     0.00002    0.00565   0.01732  0.10734

[1] “PCA with d= 3 , linear regression”
    average_pnl yearly_pnl total_pnl   sharpe
AUD     0.00112    0.28256   0.86675  2.24958
BRL     0.00149    0.37529   1.15118  2.22365
CAD     0.00005    0.01377   0.04223  0.13243
CNY    -0.00001   -0.00178  -0.00545 -0.03432
EUR    -0.00019   -0.04692  -0.14394 -0.65507
INR     0.00081    0.20399   0.62574  1.83731
JPY    -0.00007   -0.01809  -0.05548 -0.15852
KRW     0.00195    0.49116   1.50663  4.76092
MXN     0.00023    0.05910   0.18130  0.49941
NZD     0.00112    0.28186   0.86459  2.00681
NOK     0.00001    0.00197   0.00604  0.01686
RUB     0.00048    0.11993   0.36788  0.48001
SGD     0.00041    0.10283   0.31543  1.59416
ZAR     0.00022    0.05429   0.16654  0.34202
SEK     0.00102    0.25721   0.78897  2.30034
CHF    -0.00035   -0.08890  -0.27270 -0.62994
GBP    -0.00015   -0.03806  -0.11674 -0.57128
USD    -0.00007   -0.01815  -0.05568 -0.34514

[1] “PCA with d= 4 , linear regression”
    average_pnl yearly_pnl total_pnl   sharpe
AUD     0.00133    0.33619   1.03126  2.68784
BRL     0.00150    0.37921   1.16321  2.24735
CAD    -0.00012   -0.02988  -0.09166 -0.28748
CNY    -0.00005   -0.01290  -0.03957 -0.24926
EUR    -0.00027   -0.06851  -0.21016 -0.95739
INR     0.00035    0.08875   0.27225  0.79506
JPY     0.00027    0.06790   0.20827  0.59549
KRW     0.00186    0.46805   1.43573  4.51823
MXN     0.00002    0.00584   0.01791  0.04931
NZD     0.00145    0.36666   1.12471  2.62514
NOK    -0.00001   -0.00245  -0.00751 -0.02098
RUB     0.00182    0.45870   1.40703  1.84745
SGD     0.00043    0.10927   0.33519  1.69513
ZAR     0.00041    0.10363   0.31788  0.65321
SEK     0.00090    0.22744   0.69765  2.02945
CHF    -0.00011   -0.02717  -0.08334 -0.19237
GBP    -0.00009   -0.02324  -0.07130 -0.34878
USD    -0.00005   -0.01265  -0.03880 -0.24046

[1] “PCA with d= 5 , linear regression”
    average_pnl yearly_pnl total_pnl   sharpe
AUD     0.00144    0.36196   1.11029  2.90044
BRL     0.00161    0.40553   1.24395  2.40681
CAD     0.00001    0.00313   0.00959  0.03007
CNY     0.00000   -0.00042  -0.00128 -0.00809
EUR    -0.00015   -0.03809  -0.11684 -0.53157
INR     0.00056    0.14186   0.43514  1.27325
JPY     0.00007    0.01682   0.05160  0.14744
KRW     0.00183    0.46143   1.41542  4.44925
MXN    -0.00028   -0.07039  -0.21591 -0.59489
NZD     0.00147    0.36977   1.13425  2.64803
NOK    -0.00018   -0.04471  -0.13716 -0.38329
RUB     0.00203    0.51129   1.56838  2.06270
SGD     0.00043    0.10822   0.33197  1.67869
ZAR     0.00028    0.07001   0.21474  0.44107
SEK     0.00104    0.26241   0.80492  2.34785
CHF    -0.00011   -0.02855  -0.08758 -0.20216
GBP    -0.00010   -0.02496  -0.07655 -0.37447
USD    -0.00008   -0.01934  -0.05934 -0.36781

[1] “PCA with d= 6 , linear regression”
    average_pnl yearly_pnl total_pnl   sharpe
AUD     0.00135    0.34085   1.04556  2.72618
BRL     0.00154    0.38772   1.18933  2.29887
CAD     0.00001    0.00276   0.00846  0.02653
CNY    -0.00002   -0.00380  -0.01166 -0.07347
EUR    -0.00009   -0.02167  -0.06648 -0.30235
INR     0.00108    0.27111   0.83163  2.45446
JPY     0.00005    0.01151   0.03529  0.10085
KRW     0.00161    0.40553   1.24394  3.87566
MXN    -0.00038   -0.09694  -0.29737 -0.81985
NZD     0.00113    0.28448   0.87264  2.02578
NOK     0.00014    0.03635   0.11150  0.31156
RUB     0.00181    0.45597   1.39866  1.83631
SGD     0.00049    0.12346   0.37870  1.91825
ZAR     0.00040    0.09976   0.30599  0.62876
SEK     0.00094    0.23779   0.72941  2.12343
CHF    -0.00013   -0.03206  -0.09834 -0.22702
GBP    -0.00010   -0.02479  -0.07604 -0.37196
USD    -0.00009   -0.02383  -0.07309 -0.45310

[1] “PCA with d= 7 , linear regression”
    average_pnl yearly_pnl total_pnl   sharpe
AUD     0.00156    0.39373   1.20776  3.16478
BRL     0.00140    0.35166   1.07871  2.08117
CAD    -0.00002   -0.00508  -0.01560 -0.04890
CNY     0.00001    0.00146   0.00446  0.02811
EUR    -0.00018   -0.04564  -0.14001 -0.63716
INR     0.00108    0.27237   0.83548  2.46612
JPY     0.00033    0.08228   0.25240  0.72193
KRW     0.00147    0.37041   1.13621  3.52267
MXN    -0.00040   -0.10122  -0.31048 -0.85610
NZD     0.00124    0.31274   0.95931  2.23079
NOK    -0.00013   -0.03293  -0.10102 -0.28227
RUB     0.00175    0.44155   1.35443  1.77750
SGD     0.00049    0.12230   0.37514  1.89996
ZAR     0.00013    0.03179   0.09751  0.20023
SEK     0.00083    0.20879   0.64044  1.86062
CHF    -0.00020   -0.05073  -0.15561 -0.35926
GBP    -0.00011   -0.02844  -0.08725 -0.42685
USD    -0.00015   -0.03782  -0.11600 -0.71956

[1] “PCA with d= 8 , linear regression”
    average_pnl yearly_pnl total_pnl   sharpe
AUD     0.00121    0.30375   0.93174  2.42207
BRL     0.00155    0.38971   1.19541  2.31086
CAD    -0.00018   -0.04477  -0.13733 -0.43079
CNY    -0.00001   -0.00198  -0.00609 -0.03833
EUR    -0.00018   -0.04608  -0.14133 -0.64319
INR     0.00112    0.28314   0.86851  2.56611
JPY     0.00007    0.01683   0.05162  0.14751
KRW     0.00146    0.36834   1.12986  3.50201
MXN    -0.00022   -0.05512  -0.16907 -0.46570
NZD     0.00110    0.27701   0.84972  1.97177
NOK    -0.00008   -0.02115  -0.06488 -0.18126
RUB     0.00183    0.46233   1.41818  1.86230
SGD     0.00045    0.11389   0.34934  1.76759
ZAR     0.00042    0.10558   0.32386  0.66554
SEK     0.00120    0.30263   0.92829  2.71756
CHF    -0.00017   -0.04405  -0.13513 -0.31196
GBP     0.00003    0.00726   0.02228  0.10898
USD    -0.00016   -0.04075  -0.12501 -0.77559

[1] “PCA with d= 9 , linear regression”
    average_pnl yearly_pnl total_pnl   sharpe
AUD     0.00140    0.35402   1.08595  2.83479
BRL     0.00156    0.39388   1.20821  2.33615
CAD     0.00005    0.01186   0.03639  0.11410
CNY    -0.00002   -0.00426  -0.01305 -0.08221
EUR    -0.00007   -0.01787  -0.05481 -0.24926
INR     0.00114    0.28620   0.87791  2.59461
JPY     0.00000    0.00030   0.00092  0.00263
KRW     0.00164    0.41214   1.26423  3.94277
MXN     0.00000   -0.00043  -0.00132 -0.00364
NZD     0.00108    0.27149   0.83278  1.93186
NOK    -0.00009   -0.02290  -0.07025 -0.19628
RUB     0.00137    0.34583   1.06081  1.38881
SGD     0.00042    0.10469   0.32112  1.62326
ZAR     0.00027    0.06689   0.20519  0.42145
SEK     0.00112    0.28227   0.86584  2.52989
CHF    -0.00007   -0.01716  -0.05263 -0.12149
GBP    -0.00013   -0.03175  -0.09740 -0.47654
USD    -0.00013   -0.03280  -0.10062 -0.62401

[1] “PCA with d= 10 , linear regression”
    average_pnl yearly_pnl total_pnl   sharpe
AUD     0.00142    0.35708   1.09532  2.86005
BRL     0.00149    0.37587   1.15296  2.22715
CAD     0.00001    0.00347   0.01063  0.03334
CNY     0.00006    0.01627   0.04989  0.31429
EUR    -0.00011   -0.02786  -0.08546 -0.38872
INR     0.00100    0.25297   0.77597  2.28666
JPY     0.00002    0.00483   0.01482  0.04234
KRW     0.00158    0.39763   1.21973  3.79588
MXN     0.00003    0.00708   0.02172  0.05981
NZD     0.00113    0.28498   0.87415  2.02937
NOK    -0.00009   -0.02149  -0.06591 -0.18414
RUB     0.00202    0.50968   1.56344  2.05609
SGD     0.00042    0.10699   0.32820  1.65943
ZAR     0.00033    0.08199   0.25151  0.51667
SEK     0.00126    0.31656   0.97103  2.84662
CHF    -0.00019   -0.04817  -0.14777 -0.34115
GBP    -0.00022   -0.05430  -0.16656 -0.81566
USD    -0.00010   -0.02587  -0.07935 -0.49197

[1] “Diffusion map with alpha=0.75, knn regression with k= 5”
    average_pnl yearly_pnl total_pnl   sharpe
AUD     0.00034    0.08484   0.26023  0.66933
BRL     0.00110    0.27650   0.84816  1.63101
CAD    -0.00010   -0.02463  -0.07555 -0.23694
CNY     0.00009    0.02302   0.07061  0.44486
EUR     0.00007    0.01862   0.05711  0.25973
INR     0.00052    0.13094   0.40167  1.17475
JPY     0.00044    0.11185   0.34309  0.98217
KRW     0.00135    0.33923   1.04057  3.21338
MXN     0.00048    0.12025   0.36887  1.01769
NZD     0.00010    0.02462   0.07551  0.17389
NOK    -0.00030   -0.07643  -0.23445 -0.65552
RUB    -0.00015   -0.03808  -0.11680 -0.15234
SGD    -0.00002   -0.00565  -0.01733 -0.08713
ZAR    -0.00024   -0.06154  -0.18876 -0.38768
SEK    -0.00006   -0.01504  -0.04615 -0.13316
CHF    -0.00035   -0.08784  -0.26946 -0.62244
GBP    -0.00013   -0.03362  -0.10311 -0.50454
USD     0.00008    0.02007   0.06157  0.38164

[1] “Diffusion map with alpha=0.75, knn regression with k= 6”
    average_pnl yearly_pnl total_pnl   sharpe
AUD     0.00013    0.03354   0.10287  0.26438
BRL     0.00144    0.36411   1.11690  2.15620
CAD     0.00013    0.03164   0.09706  0.30441
CNY     0.00001    0.00227   0.00697  0.04393
EUR     0.00007    0.01820   0.05583  0.25392
INR     0.00030    0.07577   0.23241  0.67850
JPY     0.00027    0.06893   0.21144  0.60458
KRW     0.00152    0.38279   1.17421  3.64657
MXN     0.00010    0.02527   0.07751  0.21343
NZD     0.00026    0.06601   0.20248  0.46647
NOK    -0.00024   -0.06119  -0.18770 -0.52464
RUB     0.00025    0.06273   0.19243  0.25100
SGD    -0.00007   -0.01815  -0.05566 -0.27996
ZAR    -0.00016   -0.04009  -0.12298 -0.25254
SEK     0.00027    0.06889   0.21133  0.61022
CHF    -0.00029   -0.07220  -0.22146 -0.51144
GBP    -0.00004   -0.01001  -0.03072 -0.15022
USD     0.00010    0.02610   0.08005  0.49630

[1] “Diffusion map with alpha=0.75, knn regression with k= 7”
    average_pnl yearly_pnl total_pnl   sharpe
AUD     0.00019    0.04856   0.14896  0.38291
BRL     0.00129    0.32575   0.99922  1.92546
CAD     0.00013    0.03387   0.10390  0.32587
CNY     0.00011    0.02724   0.08357  0.52662
EUR    -0.00004   -0.00922  -0.02830 -0.12867
INR     0.00023    0.05673   0.17401  0.50779
JPY     0.00011    0.02723   0.08352  0.23867
KRW     0.00161    0.40676   1.24773  3.88819
MXN     0.00017    0.04324   0.13263  0.36526
NZD     0.00023    0.05856   0.17964  0.41380
NOK     0.00006    0.01600   0.04907  0.13708
RUB    -0.00022   -0.05484  -0.16822 -0.21941
SGD    -0.00009   -0.02226  -0.06828 -0.34344
ZAR     0.00020    0.04980   0.15276  0.31371
SEK     0.00031    0.07734   0.23723  0.68515
CHF     0.00033    0.08354   0.25626  0.59192
GBP    -0.00003   -0.00642  -0.01969 -0.09631
USD     0.00004    0.01014   0.03110  0.19273

[1] “Diffusion map with alpha=0.75, knn regression with k= 8”
    average_pnl yearly_pnl total_pnl   sharpe
AUD     0.00016    0.03956   0.12135  0.31190
BRL     0.00158    0.39818   1.22141  2.36223
CAD     0.00016    0.03922   0.12030  0.37733
CNY     0.00009    0.02198   0.06743  0.42485
EUR     0.00002    0.00445   0.01365  0.06207
INR     0.00052    0.13054   0.40043  1.17113
JPY     0.00024    0.05936   0.18209  0.52056
KRW     0.00141    0.35589   1.09166  3.37814
MXN     0.00019    0.04867   0.14930  0.41120
NZD     0.00011    0.02839   0.08709  0.20056
NOK    -0.00012   -0.03140  -0.09632 -0.26912
RUB     0.00011    0.02759   0.08463  0.11038
SGD     0.00004    0.00955   0.02930  0.14737
ZAR     0.00024    0.06131   0.18807  0.38626
SEK     0.00046    0.11645   0.35719  1.03285
CHF    -0.00021   -0.05182  -0.15896 -0.36701
GBP    -0.00014   -0.03437  -0.10543 -0.51587
USD    -0.00003   -0.00730  -0.02239 -0.13873

[1] “Diffusion map with alpha=0.75, knn regression with k= 9”
    average_pnl yearly_pnl total_pnl   sharpe
AUD     0.00041    0.10288   0.31559  0.81204
BRL     0.00142    0.35826   1.09896  2.12094
CAD     0.00020    0.04956   0.15202  0.47690
CNY     0.00005    0.01188   0.03645  0.22957
EUR     0.00007    0.01820   0.05582  0.25385
INR     0.00012    0.03095   0.09494  0.27696
JPY     0.00022    0.05501   0.16874  0.48237
KRW     0.00131    0.33107   1.01554  3.13305
MXN    -0.00002   -0.00486  -0.01492 -0.04108
NZD     0.00024    0.05977   0.18333  0.42231
NOK     0.00011    0.02769   0.08494  0.23731
RUB     0.00028    0.07013   0.21511  0.28059
SGD     0.00004    0.01041   0.03195  0.16066
ZAR     0.00017    0.04217   0.12937  0.26566
SEK     0.00046    0.11545   0.35413  1.02396
CHF    -0.00023   -0.05787  -0.17751 -0.40988
GBP    -0.00018   -0.04517  -0.13856 -0.67824
USD    -0.00001   -0.00215  -0.00659 -0.04083

[1] “Diffusion map with alpha=0.75, knn regression with k= 10”
    average_pnl yearly_pnl total_pnl   sharpe
AUD     0.00020    0.05065   0.15536  0.39937
BRL     0.00188    0.47259   1.44966  2.81645
CAD     0.00005    0.01187   0.03640  0.11416
CNY    -0.00002   -0.00427  -0.01310 -0.08253
EUR    -0.00004   -0.01123  -0.03446 -0.15669
INR     0.00048    0.12103   0.37125  1.08537
JPY     0.00038    0.09514   0.29184  0.83501
KRW     0.00130    0.32690   1.00277  3.09212
MXN     0.00005    0.01201   0.03683  0.10141
NZD     0.00020    0.05073   0.15561  0.35843
NOK     0.00005    0.01303   0.03996  0.11163
RUB     0.00023    0.05903   0.18106  0.23617
SGD     0.00008    0.01980   0.06073  0.30544
ZAR     0.00034    0.08613   0.26420  0.54277
SEK     0.00022    0.05555   0.17040  0.49192
CHF    -0.00004   -0.01114  -0.03419 -0.07891
GBP    -0.00011   -0.02886  -0.08853 -0.43313
USD    -0.00004   -0.00887  -0.02721 -0.16861

[1] “Diffusion map with alpha=0.75, knn regression with k= 11”
    average_pnl yearly_pnl total_pnl   sharpe
AUD     0.00010    0.02635   0.08082  0.20770
BRL     0.00180    0.45245   1.38788  2.69289
CAD    -0.00018   -0.04628  -0.14197 -0.44534
CNY    -0.00001   -0.00266  -0.00815 -0.05134
EUR     0.00002    0.00577   0.01771  0.08052
INR     0.00054    0.13706   0.42044  1.22997
JPY     0.00025    0.06392   0.19607  0.56057
KRW     0.00142    0.35734   1.09613  3.39259
MXN     0.00008    0.02113   0.06481  0.17846
NZD     0.00023    0.05841   0.17916  0.41269
NOK    -0.00001   -0.00340  -0.01044 -0.02915
RUB     0.00013    0.03204   0.09828  0.12818
SGD     0.00000    0.00039   0.00118  0.00594
ZAR     0.00045    0.11421   0.35033  0.72003
SEK    -0.00004   -0.00996  -0.03054 -0.08812
CHF     0.00005    0.01184   0.03633  0.08385
GBP    -0.00011   -0.02701  -0.08286 -0.40539
USD    -0.00009   -0.02371  -0.07272 -0.45080

[1] “Diffusion map with alpha=0.75, knn regression with k= 12”
    average_pnl yearly_pnl total_pnl   sharpe
AUD     0.00047    0.11783   0.36145  0.93042
BRL     0.00155    0.38982   1.19575  2.31153
CAD    -0.00011   -0.02675  -0.08205 -0.25732
CNY     0.00000   -0.00094  -0.00289 -0.01821
EUR     0.00000   -0.00057  -0.00176 -0.00801
INR     0.00060    0.15241   0.46750  1.36863
JPY     0.00025    0.06339   0.19445  0.55594
KRW     0.00127    0.32113   0.98505  3.03548
MXN    -0.00003   -0.00632  -0.01938 -0.05335
NZD     0.00028    0.07144   0.21914  0.50489
NOK    -0.00011   -0.02705  -0.08297 -0.23180
RUB     0.00017    0.04407   0.13518  0.17632
SGD     0.00006    0.01532   0.04699  0.23635
ZAR     0.00047    0.11935   0.36609  0.75250
SEK     0.00028    0.06993   0.21451  0.61943
CHF    -0.00003   -0.00762  -0.02337 -0.05394
GBP    -0.00006   -0.01506  -0.04619 -0.22590
USD    -0.00006   -0.01555  -0.04769 -0.29557

[1] “Diffusion map with alpha=0.75, knn regression with k= 13”
    average_pnl yearly_pnl total_pnl   sharpe
AUD     0.00048    0.12150   0.37271  0.95951
BRL     0.00180    0.45413   1.39302  2.70315
CAD    -0.00004   -0.00982  -0.03011 -0.09442
CNY    -0.00005   -0.01181  -0.03621 -0.22810
EUR     0.00002    0.00388   0.01191  0.05416
INR     0.00041    0.10393   0.31879  0.93141
JPY     0.00022    0.05616   0.17226  0.49242
KRW     0.00165    0.41492   1.27274  3.97097
MXN    -0.00003   -0.00672  -0.02061 -0.05673
NZD     0.00041    0.10239   0.31407  0.72399
NOK    -0.00022   -0.05619  -0.17236 -0.48174
RUB    -0.00019   -0.04823  -0.14794 -0.19296
SGD     0.00011    0.02897   0.08886  0.44704
ZAR     0.00070    0.17710   0.54326  1.11819
SEK     0.00019    0.04740   0.14541  0.41971
CHF     0.00009    0.02186   0.06706  0.15480
GBP    -0.00004   -0.01074  -0.03293 -0.16107
USD    -0.00002   -0.00590  -0.01810 -0.11215

[1] “Diffusion map with alpha=0.75, knn regression with k= 14”
    average_pnl yearly_pnl total_pnl   sharpe
AUD     0.00061    0.15399   0.47237  1.21744
BRL     0.00198    0.49947   1.53210  2.98214
CAD     0.00017    0.04306   0.13208  0.41429
CNY     0.00003    0.00674   0.02067  0.13017
EUR     0.00006    0.01498   0.04595  0.20894
INR     0.00042    0.10488   0.32172  0.94002
JPY     0.00038    0.09680   0.29694  0.84966
KRW     0.00172    0.43275   1.32746  4.15312
MXN    -0.00004   -0.01076  -0.03300 -0.09087
NZD     0.00064    0.16130   0.49477  1.14228
NOK    -0.00020   -0.05149  -0.15794 -0.44141
RUB    -0.00007   -0.01794  -0.05504 -0.07179
SGD     0.00020    0.05046   0.15479  0.77935
ZAR     0.00044    0.11087   0.34008  0.69893
SEK     0.00028    0.07037   0.21587  0.62335
CHF    -0.00033   -0.08204  -0.25165 -0.58125
GBP    -0.00015   -0.03684  -0.11301 -0.55302
USD    -0.00002   -0.00603  -0.01851 -0.11469

[1] “Diffusion map with alpha=0.75, knn regression with k= 15”
    average_pnl yearly_pnl total_pnl   sharpe
AUD     0.00065    0.16421   0.50371  1.29873
BRL     0.00161    0.40465   1.24124  2.40145
CAD     0.00019    0.04897   0.15023  0.47128
CNY     0.00009    0.02200   0.06750  0.42527
EUR     0.00011    0.02737   0.08397  0.38193
INR     0.00072    0.18058   0.55392  1.62407
JPY     0.00042    0.10626   0.32595  0.93293
KRW     0.00162    0.40891   1.25433  3.91000
MXN    -0.00011   -0.02718  -0.08337 -0.22957
NZD     0.00058    0.14655   0.44955  1.03741
NOK    -0.00002   -0.00579  -0.01778 -0.04966
RUB    -0.00018   -0.04479  -0.13740 -0.17921
SGD     0.00029    0.07249   0.22237  1.12099
ZAR     0.00018    0.04411   0.13531  0.27785
SEK     0.00029    0.07270   0.22300  0.64397
CHF    -0.00016   -0.04074  -0.12496 -0.28847
GBP    -0.00009   -0.02212  -0.06787 -0.33197
USD    -0.00003   -0.00768  -0.02355 -0.14593

[1] “Diffusion map with alpha=0.75, knn regression with k= 16”
    average_pnl yearly_pnl total_pnl   sharpe
AUD     0.00053    0.13452   0.41264  1.06275
BRL     0.00173    0.43641   1.33868  2.59484
CAD     0.00016    0.04024   0.12345  0.38721
CNY    -0.00004   -0.01027  -0.03150 -0.19838
EUR     0.00010    0.02502   0.07675  0.34907
INR     0.00076    0.19037   0.58396  1.71315
JPY     0.00037    0.09435   0.28941  0.82804
KRW     0.00171    0.43016   1.31949  4.12651
MXN    -0.00008   -0.02015  -0.06179 -0.17015
NZD     0.00059    0.14888   0.45668  1.05394
NOK    -0.00014   -0.03420  -0.10490 -0.29310
RUB    -0.00020   -0.05123  -0.15714 -0.20496
SGD     0.00038    0.09682   0.29698  1.50010
ZAR     0.00027    0.06705   0.20567  0.42242
SEK     0.00017    0.04284   0.13141  0.37928
CHF     0.00028    0.07041   0.21598  0.49876
GBP    -0.00014   -0.03498  -0.10731 -0.52509
USD    -0.00007   -0.01743  -0.05347 -0.33143

[1] “Diffusion map with alpha=0.75, knn regression with k= 17”
    average_pnl yearly_pnl total_pnl   sharpe
AUD     0.00065    0.16311   0.50034  1.28999
BRL     0.00194    0.49005   1.50320  2.92395
CAD     0.00010    0.02508   0.07692  0.24122
CNY     0.00003    0.00808   0.02478  0.15609
EUR     0.00012    0.03054   0.09369  0.42618
INR     0.00058    0.14663   0.44978  1.31638
JPY     0.00034    0.08543   0.26206  0.74961
KRW     0.00149    0.37673   1.15559  3.58578
MXN    -0.00025   -0.06261  -0.19205 -0.52907
NZD     0.00059    0.14952   0.45864  1.05849
NOK    -0.00003   -0.00716  -0.02195 -0.06132
RUB     0.00005    0.01319   0.04046  0.05277
SGD     0.00036    0.09046   0.27749  1.40083
ZAR     0.00024    0.06036   0.18514  0.38023
SEK     0.00014    0.03465   0.10628  0.30672
CHF     0.00030    0.07666   0.23516  0.54310
GBP    -0.00014   -0.03564  -0.10933 -0.53498
USD     0.00003    0.00645   0.01978  0.12261

[1] “Diffusion map with alpha=0.75, knn regression with k= 18”
    average_pnl yearly_pnl total_pnl   sharpe
AUD     0.00053    0.13345   0.40935  1.05424
BRL     0.00181    0.45646   1.40017  2.71743
CAD    -0.00004   -0.00939  -0.02880 -0.09030
CNY     0.00008    0.01994   0.06117  0.38537
EUR     0.00021    0.05260   0.16135  0.73446
INR     0.00060    0.15045   0.46151  1.35096
JPY     0.00042    0.10500   0.32207  0.92180
KRW     0.00157    0.39552   1.21323  3.77452
MXN    -0.00008   -0.02082  -0.06388 -0.17588
NZD     0.00053    0.13409   0.41133  0.94889
NOK     0.00004    0.00982   0.03013  0.08417
RUB     0.00007    0.01844   0.05657  0.07378
SGD     0.00023    0.05814   0.17835  0.89831
ZAR     0.00042    0.10505   0.32223  0.66218
SEK     0.00041    0.10443   0.32033  0.92587
CHF     0.00040    0.10109   0.31009  0.71648
GBP    -0.00009   -0.02271  -0.06966 -0.34075
USD    -0.00008   -0.01982  -0.06080 -0.37690

[1] “Diffusion map with alpha=0.75, knn regression with k= 19”
    average_pnl yearly_pnl total_pnl   sharpe
AUD     0.00059    0.14947   0.45849  1.18147
BRL     0.00187    0.47057   1.44347  2.80405
CAD     0.00001    0.00376   0.01153  0.03615
CNY     0.00003    0.00857   0.02630  0.16563
EUR     0.00024    0.05989   0.18370  0.83649
INR     0.00064    0.16071   0.49298  1.44381
JPY     0.00019    0.04831   0.14820  0.42360
KRW     0.00171    0.43029   1.31990  4.12786
MXN    -0.00006   -0.01425  -0.04371 -0.12036
NZD     0.00055    0.13854   0.42498  0.98049
NOK     0.00023    0.05922   0.18164  0.50771
RUB     0.00013    0.03188   0.09780  0.12755
SGD     0.00024    0.06035   0.18513  0.93254
ZAR     0.00016    0.03940   0.12087  0.24820
SEK     0.00028    0.07055   0.21641  0.62491
CHF     0.00040    0.09965   0.30568  0.70628
GBP    -0.00014   -0.03465  -0.10630 -0.52014
USD    -0.00015   -0.03886  -0.11920 -0.73945

[1] “Diffusion map with alpha=0.75, knn regression with k= 20”
    average_pnl yearly_pnl total_pnl   sharpe
AUD     0.00024    0.06144   0.18846  0.48451
BRL     0.00216    0.54340   1.66687  3.25503
CAD    -0.00004   -0.01039  -0.03187 -0.09994
CNY     0.00008    0.01920   0.05890  0.37106
EUR     0.00020    0.05133   0.15745  0.71667
INR     0.00064    0.16187   0.49653  1.45430
JPY     0.00039    0.09935   0.30475  0.87207
KRW     0.00169    0.42619   1.30732  4.08592
MXN     0.00004    0.01050   0.03222  0.08871
NZD     0.00056    0.14008   0.42969  0.99141
NOK     0.00014    0.03419   0.10488  0.29303
RUB    -0.00018   -0.04608  -0.14136 -0.18437
SGD     0.00016    0.03998   0.12264  0.61719
ZAR     0.00023    0.05880   0.18037  0.37044
SEK     0.00044    0.11022   0.33808  0.97737
CHF     0.00040    0.10148   0.31130  0.71928
GBP    -0.00022   -0.05667  -0.17383 -0.85134
USD     0.00004    0.00995   0.03051  0.18906

[1] “Prediction using residuals”
    average_pnl yearly_pnl total_pnl   sharpe
AUD     0.00015    0.03729   0.11438  0.29398
BRL     0.00044    0.11036   0.33852  0.64811
CAD    -0.00008   -0.02096  -0.06429 -0.20161
CNY     0.00008    0.02035   0.06242  0.39325
EUR     0.00012    0.03148   0.09658  0.43932
INR     0.00025    0.06226   0.19099  0.55741
JPY    -0.00021   -0.05198  -0.15945 -0.45578
KRW     0.00040    0.10040   0.30797  0.93374
MXN    -0.00003   -0.00841  -0.02581 -0.07106
NZD     0.00008    0.01918   0.05884  0.13549
NOK     0.00007    0.01831   0.05617  0.15693
RUB    -0.00053   -0.13263  -0.40685 -0.53091
SGD     0.00034    0.08460   0.25951  1.30941
ZAR     0.00031    0.07762   0.23809  0.48908
SEK     0.00052    0.13139   0.40304  1.16610
CHF    -0.00037   -0.09379  -0.28771 -0.66468
GBP    -0.00013   -0.03297  -0.10114 -0.49487
USD     0.00001    0.00300   0.00919  0.05697
